8
5 4 4
3 3
1 0 1
1 1 1
1 0 1
2 5
1 1 1 1 1
0 0 0 1 0
2 3
1 1 1
1 0 1
3 3
1 0 0
1 1 1
1 0 0
1 3 3
2 3
1 0 0
1 1 1
1 1
1
3 1
1
1
1
2 3 3
2 3
1 1 1
1 0 0
2 1
1
1
2 2
1 0
1 1
4 5 4
3 3
1 0 1
1 1 1
0 1 0
2 4
1 1 1 1
0 1 0 1
1 4
1 1 1 1
4 2
1 0
1 1
0 1
0 1
2 2 3
3 1
1
1
1
2 3
1 0 1
1 1 1
2 4
1 0 1 1
1 1 1 0
6 7 5
4 6
1 0 0 1 0 1
1 1 0 1 0 1
1 1 1 1 1 1
0 0 0 1 0 0
4 3
0 1 0
1 1 1
0 1 1
1 1 0
3 6
1 1 1 1 1 1
0 0 1 0 0 0
0 0 1 0 0 0
6 6
0 0 1 1 0 0
1 1 1 1 0 1
0 0 1 1 1 1
0 0 1 1 1 1
1 1 1 0 1 1
0 1 0 0 1 0
4 4
1 1 1 1
0 0 0 1
0 0 1 1
0 0 0 1
6 8 3
4 5
0 0 1 1 1
1 1 1 0 1
0 0 1 0 1
0 0 1 0 0
5 4
0 0 1 0
1 1 1 1
1 1 0 1
1 1 0 0
1 1 0 0
5 6
0 0 1 1 1 1
1 1 1 1 0 0
1 1 1 1 1 0
0 1 0 1 0 0
0 1 0 1 0 0
8 6 6
3 5
0 1 0 0 0
1 1 1 1 1
0 1 0 0 1
6 3
0 0 1
0 0 1
0 0 1
1 1 1
1 0 1
1 1 1
6 3
1 1 0
1 0 0
1 1 1
1 0 1
1 0 0
1 0 0
6 6
0 0 0 0 1 0
0 0 1 0 1 0
0 0 1 0 1 0
0 1 1 1 1 0
0 1 1 0 1 1
1 1 1 0 0 0
4 5
0 0 0 0 1
1 0 0 1 1
1 1 1 1 0
1 1 0 1 0
4 3
1 1 0
1 0 0
1 1 1
1 1 1
