10
2 2 1 1
2 1
1 2
3 3 2 1
2 1 0
1 0 1
2 1 2
4 3 1 1
0 2 0
2 1 2
0 1 0
1 1 1
5 7 3 2
1 0 1 2 1 2 1
1 1 1 0 1 0 2
2 1 0 0 1 1 1
1 0 2 1 2 1 0
0 2 1 1 0 1 2
6 6 3 3
1 1 2 1 1 2
2 1 0 1 1 1
0 1 0 0 1 2
2 1 1 1 2 1
2 1 1 2 1 2
0 0 0 0 2 1
10 10 1 1
2 1 1 2 1 1 1 1 1 1
1 1 1 1 1 1 1 1 1 1
1 1 1 1 1 1 1 1 1 1
1 1 1 1 1 1 1 1 1 1
1 1 1 1 1 1 1 1 1 1
1 1 1 1 1 1 1 1 1 1
1 1 1 1 1 1 1 1 1 1
1 1 1 1 1 1 1 1 1 1
1 1 1 1 1 1 1 1 1 1
1 1 1 1 1 1 1 1 1 1
13 20 2 5
1 1 0 1 0 0 1 0 0 2 0 1 0 0 1 2 0 2 1 1
1 1 0 1 1 0 0 0 0 0 0 1 0 1 0 0 0 0 1 1
0 0 0 1 1 0 1 0 0 0 0 1 0 0 1 0 1 0 1 0
0 0 0 0 0 0 0 0 0 0 1 0 0 0 1 1 1 1 1 0
1 2 0 0 0 1 0 0 1 1 0 1 1 0 0 1 1 0 1 0
0 1 0 0 0 0 0 0 0 0 0 0 1 0 1 0 0 1 0 1
1 0 1 1 0 0 0 0 1 0 0 0 0 1 0 0 0 1 0 0
0 1 1 1 0 0 1 1 0 0 0 0 0 0 0 1 0 1 0 0
0 1 0 0 1 1 0 1 0 0 0 0 1 0 1 0 0 1 0 0
0 0 2 0 0 0 0 0 2 1 0 1 0 0 0 0 0 0 0 0
1 1 0 0 0 1 0 2 1 0 0 0 1 1 0 0 0 0 0 0
0 0 0 0 1 1 0 0 1 0 0 0 1 1 2 1 0 1 0 1
0 0 0 1 0 0 0 1 0 0 0 0 1 0 0 0 0 0 0 0
13 15 4 3
1 0 1 1 0 0 0 0 2 0 0 0 2 0 1
0 1 1 0 1 0 1 0 1 1 0 1 1 1 0
1 1 2 0 0 0 1 0 0 1 0 0 1 1 1
0 1 2 0 1 1 0 1 0 0 1 0 1 1 1
1 1 1 0 1 0 0 2 0 1 2 1 0 0 0
1 0 1 0 1 1 0 1 2 1 1 1 1 1 2
1 1 1 1 1 1 1 1 0 1 1 0 1 1 0
2 1 0 1 0 0 0 0 0 1 0 1 0 1 0
0 1 0 0 0 0 1 0 1 0 1 1 1 1 1
1 1 1 0 1 1 0 1 0 0 0 1 0 0 0
1 1 0 1 0 0 0 0 1 1 0 1 0 1 0
1 0 0 0 0 0 1 1 1 1 0 0 0 1 0
0 1 1 1 0 0 0 1 1 1 0 0 1 1 0
16 13 3 3
2 1 1 1 0 0 0 0 0 1 1 0 0
1 0 2 0 0 0 0 0 0 2 0 1 1
0 1 0 1 0 1 0 1 0 2 0 1 0
0 0 0 1 0 2 1 0 0 0 0 1 1
0 0 0 0 2 1 1 0 0 0 0 1 0
0 1 0 0 0 1 2 0 1 0 0 0 0
1 1 0 0 0 0 1 0 0 1 0 0 0
0 0 1 0 0 0 0 1 0 0 1 0 0
0 0 0 1 2 0 0 0 0 1 1 0 0
0 0 1 1 1 0 0 0 1 0 1 0 0
0 0 2 0 0 0 1 0 0 0 0 0 0
0 0 0 0 1 0 0 0 0 0 0 0 0
0 0 0 0 1 0 1 0 0 0 0 1 1
0 0 0 0 0 0 1 0 0 1 1 0 0
0 0 0 1 1 0 1 2 0 1 0 0 1
1 1 0 0 1 0 0 1 0 0 0 0 1
13 17 2 4
1 1 1 1 1 1 1 2 1 1 1 1 1 1 1 1 0
1 1 0 0 1 1 1 1 1 1 0 1 1 1 1 1 1
1 0 1 1 1 1 0 1 1 1 1 1 1 1 1 1 1
1 1 1 1 1 1 1 1 1 0 1 1 2 1 1 1 1
1 1 1 1 1 1 1 1 1 1 1 1 1 1 1 1 1
0 1 1 1 1 1 1 1 1 1 1 1 1 1 1 1 1
1 1 1 1 1 1 1 1 1 1 1 1 1 0 1 1 1
1 1 1 1 1 1 0 1 1 1 0 1 0 1 1 1 1
1 1 1 1 1 1 1 2 1 1 1 1 1 1 0 1 1
1 1 1 1 1 0 1 1 1 1 1 1 1 1 1 1 1
1 1 1 0 1 1 1 1 1 1 1 1 1 1 1 1 1
2 1 1 1 1 1 2 1 1 1 1 2 1 1 1 1 1
2 1 1 1 1 1 1 1 1 1 1 1 1 1 2 1 1