29
23
37
27
22
16
-1
16
31
14
43
18
49
19
38
18
27
-1
37
24
46
18
23
25
18
-1
50
52
35
17
28
61
17
37
8
19
18
31
11
34
22
13
24
29
28
41
16
11
22
18
15
25
24
32
41
-1
36
32
29
-1
37
16
27
20
17
44
23
36
31
-1
40
13
26
10
22
53
18
36
25
-1
17
-1
34
24
28
12
35
18
47
24
36
-1
29
36
22
14
29
32
23
27
36
19
32
18
43
26
34
17
-1
29
23
54
18
13
18
50
37
-1
19
28
27
29
32
20
-1
26
29
35
-1
45
11
7
25
29
-1
22
14
39
61
44
-1
13
37
51
23
30
35
21
20
21
-1
13
14
17
23
18
13
19
18
35
-1
41
43
27
20
37
24
26
8
16
30
17
24
24
53
-1
24
30
10
18
15
16
19
12
30
23
36
26
21
25
27
40
29
31
38
49
22
-1
13
36
36
27
31
21
25
24
55
47
-1
30
16
33
25
31
44
17
21
28
39
12
22
11
27
37
22
17
30
7
33
38
17
20
27
22
49
16
35
32
23
-1
42
25
13
16
18
20
27
25
-1
46
39
17
29
36
18
23
48
-1
24
24
23
22
26
10
24
28
29
27
46
22
17
27
38
32
30
22
32
-1
35
30
24
23
21
31
46
27
16
-1
45
-1
-1
54
29
17
18
-1
33
28
27
19
20
50
21
42
37
-1
14
-1
47
14
38
49
19
31
30
23
17
-1
28
16
16
15
14
34
35
15
18
23
21
55
17
32
24
32
44
-1
42
30
26
24
-1
38
-1
26
20
30
32
16
25
14
-1
-1
23
26
25
35
10
23
20
42
35
32
-1
34
32
34
38
33
23
21
26
14
-1
30
48
9
-1
15
55
27
39
-1
17
-1
35
56
53
26
29
18
8
10
30
33
29
-1
33
7
52
29